000434419840101001000000000000827271830000000000000001605590559   
000434419840106001395068000000834171830000000069000010305590033   
000434419840106002552706000000848171830000000140000010305590043   
000434419840106003643093000000898171830000000500000010305590053   
000434419840106004697254000000907171830000000090000010305590013   
000434419840106005947702000000954196830000000470250010305590013   
000434419840107001112077000000972436830000000182400010305590013   
000434419840107002658332000000982316830000000098800010305590013   
000434419840107003488212000000972816830000000095000020105590559   
000434419840109001296163000000989816830000000170000010305590033   
000434419840110001488221000000962896830000000269200020105590559   
000434419840110002488222000000948996830000000139000020105590559   
000434419840114001218379000000991096830000000421000010205590559   
000434419840115001488223000000967556830000000235400020105590559   
000434419840115002488224000000964056830000000035000020105590559   
000434419840116001112087000000971656830000000076000010305590013   
000434419840116002529522000000996451830000000247950010305590033   
000434419840116003483588000001001451830000000050000010305590312   
000434419840116004488226000000995451830000000060000020105590559   
000434419840116005488225000000981951830000000135000020105590559   
000434419840116006218561000000984251830000000023000010205590559   
000434419840116007488228000000284251830000007000000020105590559   
000434419840117001218602000000291251830000000070000010205590559   
000434419840118001122402000000355851830000000646000010305590043   
000434419840118002439356000000360951830000000051000010305590043   
000434419840118003443155000000380951830000000200000010305590013   
000434419840118004479488000000443841830000000628900010305590043   
000434419840118005488230000000439411830000000044300020105590559   
000434419840118006488229000000418905330000000205065020105590559   
000434419840118007488227000000414310330000000045950020105590559   
000434419840118008218614000000428430330000000141200010205590559   
000434419840121001218734000000457676830000000292465010205590559   
000434419840121002488231000000452806830000000048700020105590559   
000434419840121003488233000000449836830000000029700020105590559   
000434419840121004488232000000429356330000000204805020105590559   
000434419840122001502852000000428146330000000012100021205590559   
000434419840122002112081000000456646330000000285000010305590013   
000434419840122003142783000000519576330000000629300010305590033   
000434419840122004231166000000529576330000000100000010305590023   
000434419840122005620998000000562266330000000326900010305590043   
000434419840122006787340000000572266330000000100000010305590043   
000434419840122007218785000000595293830000000230275010205590559   
000434419840123001488234000000285293830000003100000020105590559   
000434419840123002488236000000185293830000001000000020105590559   
000434419840123003488235000000180438830000000048550020105590559   
000434419840124001112091000000184618830000000041800010305590013   
000434419840124002528836000000221618830000000370000010305590043   
000434419840124003707414000000257318830000000357000010305590013   
000434419840124004218858000000265918830000000086000010205590559   
000434419840124005218845000000273018830000000071000010205590559   
000434419840125001252899000000280518830000000075000010305590462   
000434419840125002503482000000338018830000000575000010305590013   
000434419840125003533883000000418018830000000800000010305590153   
000434419840125004488204000000411730830000000062880020105590559   
000434419840125005488238000000390929830000000208010020105590559   
000434419840125006488239000000386109830000000048200020105590559   
000434419840125007488237000000236109830000001500000020105590559   
000434419840127001584612000000340270830000001041610010305590247   
000434419840127002002555000000426920830000000866500010305590043   
000434419840127003434409000000466420830000000395000010305590043   
000434419840127004439344000000631420830000001650000010305590043   
000434419840127005496457000000658840830000000274200010305590013   
000434419840127006579823000000672880830000000140400010305590043   
000434419840127007663070000000713380830000000405000010205590559   
000434419840127008000114000000713322830000000000580020505590024   
000434419840127009488241000000710073720000000032491120105590559   
000434419840127010663111000000735773720000000257000010205590559   
000434419840128001138060000000785773720000000500000010305590033   
000434419840128002369612000000805773720000000200000010305590023   
000434419840128003369613000000825773720000000200000010305590023   
000434419840128004818902000000831623720000000058500010305590033   
000434419840129001439368000000856973720000000253500010305590043   
000434419840129002613296000000932166220000000751925010305590053   
000434419840129003663185000000954656220000000224900010205590559   
000434419840129004488243000000904656220000000500000020105590559   
000434419840129005488246000000899706220000000049500020105590559   
000434419840130001488240000000717182720000001825235020105590559   
000434419840130002663279000000719482720000000023000010205590559   
000434419840130003663282000000733232720000000137500010205590559   
000434419840130004488245000000725232720000000080000020105590559   
000434419840131001112088000000727588720000000023560010305590013   
000434419840131002456457000000737588720000000100000010305590033   
000434419840131003001489000000777038720000000394500010305591496   
000434419840131004561646000000790538720000000135000010305591309   
000434419840131005488247000000785598720000000049400020105590559   
000434419840131006663351000000826498720000000409000010205590559   
000434419840201001112092000000853478720000000269800010305590013   
000434419840201002443612000000903478720000000500000010305590023   
000434419840201003461041000000955728720000000522500010305590013   
000434419840201004615421000000980028720000000243000010305590073   
000434419840201005488249000000580028720000004000000020105590559   
000434419840201006488244000000571228720000000088000020105590559   
000434419840201007488248000000558658720000000125700020105590559   
000434419840201008663329000000626708720000000680500010205590559   
000434419840201009488252000000621798720000000049100020105590559   
000434419840201010488250000000617158720000000046400020105590559   
000434419840203001066795000000620158720000000030000010305590560   
000434419840203002488251000000587378720000000327800020105590559   
000434419840203003488242000000586223720000000011550020105590559   
000434419840203004000158000000586049720000000001740020505590016   
000434419840203005663414000000622279720000000362300010205590559   
000434419840204001663535000000650459720000000281800010205590559   
000434419840205001488254000000645479720000000049800020105590559   
000434419840205002663650000000729297220000000838175010205590559   
000434419840207001231679000000734897220000000056000010305590153   
000434419840207002488255000000014897220000007200000020105590559   
000434419840207003663591000000054897220000000400000010205590559   
000434419840207004042510000000134447220000000795500011105590053   
000434419840208001001383000000139447220000000050000010305590013   
000434419840208002021043000000154197220000000147500010305590013   
000434419840208003405851000000159197220000000050000010305590013   
000434419840208004589641000000164197220000000050000010305590013   
000434419840208005850556000000169197220000000050000010305590013   
000434419840208006850558000000174197220000000050000010305590013   
000434419840208007488253000000134027220000000401700020105590559   
000434419840208008488256000000112106770000000219204520105590559   
000434419840210001663775000000160556770000000484500010205590559   
000434419840210002488259000000110556770000000500000020105590559   
000434419840211001100710000000138296770000000277400010305590043   
000434419840211002112093000000161856770000000235600010305590013   
000434419840211003162028000000176856770000000150000010305590123   
000434419840211004175673000000196856770000000200000010305590033   
000434419840211005293225000000201356770000000045000010305590023   
000434419840211006930416000000205556770000000042000010305590043   
000434419840211007000191000000205498770000000000580020505590016   
000434419840211008488257000000190383770000000151150020105590559   
000434419840211009663908000000216363770000000259800010205590559   
000434419840211010663884000000268463770000000521000010205590559   
000434419840211011488261000000265198770000000032650020105590559   
000434419840211012488262000000260323770000000048750020105590559   
000434419840211013488258000000255323770000000050000020105590559   
000434419840212001509523000000311723770000000564000010305590197   
000434419840212002488260000000283053770000000286700020105590559   
000434419840212003663973000000375443770000000923900010205590559   
000434419840213001473174000000419903770000000444600010305590013   
000434419840213002587376000000487939770000000680360010305590247   
000434419840213003488218000000483739770000000042000020105590559   
000434419840213004581007000000502889770000000191500010205590559   
000434419840213005488263000000480984270000000219055020105590559   
000434419840213006488264000000476079270000000049050020105590559   
000434419840214001342835000000481079270000000050000010305590043   
000434419840214002542254000000499829270000000187500010305590013   
000434419840214003780101000000512829270000000130000010305590033   
000434419840214004663943000000527259270000000144300010205590559   
000434419840214005581072000000566409270000000391500010205590559   
000434419840215001488266000000043009710000005233995620105590559   
000434419840215002533886000000119339710000000763300010305590153   
000434419840215003581100000000192489710000000731500010205590559   
000434419840215004488268000000187664710000000048250020105590559   
000434419840217001056006000000201314710000000136500010305590013   
000434419840217002324754000000285114710000000838000010305590053   
000434419840217003326961000000302304710000000171900010305590033   
000434419840217004586544000000312454710000000101500010305590043   
000434419840217005933809000000337954710000000255000010305590143   
000434419840217006483591000000353254710000000153000010305590312   
000434419840217007584614000000519172210000001659175010305590247   
000434419840217008488267000000509072210000000101000020105590559   
000434419840217009581169000000521722210000000126500010205590559   
000434419840218001488270000000321722210000002000000020105590559   
000434419840218002000001000000321491210000000002310021505590559   
000434419840218003581202000000338351210000000168600010205590559   
000434419840218004488271000000333606210000000047450020105590559   
000434419840219001951085000000697061210000003634550010305590043   
000434419840219002581258000000717808710000000207475010205590559   
000434419840219003488272000000700358710000000174500020105590559   
000434419840220001477553000001190558710000004902000010305590013   
000434419840220002488273000001168783710000000217750020105590559   
000434419840220003581351000001232233710000000634500010205590559   
000434419840221001649900000001259483710000000272500010305591616   
000434419840221002516727000001269483710000000100000010305590023   
000434419840221003734417000001291633710000000221500010305590043   
000434419840221004000261000001291575710000000000580020505590007   
000434419840221005488275000001282575710000000090000020105590559   
000434419840221006488274000001277960710000000046150020105590559   
000434419840221007581440000001297330710000000193700010205590559   
000434419840222001488278000001047330710000002500000020105590559   
000434419840222002488269000001035330710000000120000020105590559   
000434419840222003581511000001102645710000000673150010205590559   
000434419840224001502852000001102225710000000004200021205590559   
000434419840224002488276000001085195710000000170300020105590559   
000434419840224003488279000001077195710000000080000020105590559   
000434419840224004488280000001075531710000000016640020105590559   
000434419840224005488277000001072561710000000029700020105590559   
000434419840225001181734000001161861710000000893000010305590013   
000434419840225002411158000001266277210000001044155010305590013   
000434419840225003779292000001276477210000000102000010305590093   
000434419840225004581587000001303427210000000269500010205590559   
000434419840226001589015000001343777210000000403500010305590033   
000434419840226002830022000001358977210000000152000010305590023   
000434419840226003847112000001406977210000000480000010305590033   
000434419840226004488282000001401977210000000050000020105590559   
000434419840226005488284000001151977210000002500000020105590559   
000434419840226006488286000001147047210000000049300020105590559   
000434419840226007581731000001154222210000000071750010205590559   
000434419840226008502852000000017073830000011371483821205590559   
000434419840226009581757000000094173830000000771000010205590559   
000434419840226010488283000000078373830000000158000020105590559   
000434419840226011488285000000053446830000000249270020105590559   
000434419840226012502852000000051983560000000014632721205590559   
000434419840226013000001000000051683560000000003000021505590559   
000434419840227001000191000000301683560000002500000010405590016   
000434419840227002000292000000301625560000000000580020505590016   
000434419840227003000294000000301567560000000000580020505590025   
000434419840227004752588000000865667560000005641000010305590043   
000434419840227005929367000000871457560000000057900010305590063   
000434419840227006581787000000960840060000000893825010205590559   
000434419840227007488288000000954300060000000065400020105590559   
000434419840227008488289000000855883480000000984165820105590559   
000434419840227009488287000000850888480000000049950020105590559   
000434419840228001001115000000890638480000000397500010305590043   
000434419840228002359385000000896938480000000063000010305590043   
000434419840228003367503000000907838480000000109000010305590043   
000434419840228004584459000000914138480000000063000010305590247   
000434419840228005488281000000894410480000000197280020105590559   
000434419840228006581670000000898310480000000039000010205590559   
000434419840229001443642000000905060480000000067500010305590023   
000434419840229002581805000000911910480000000068500010205590559   
000434419840231001502852000000911490480000000004200021205590559   
000434419840231002581947000000923340480000000118500010205590559   
000434419840301001269015000001000960480000000776200010205590559   
000434419840302001195915000001010960480000000100000010305590023   
000434419840302002195916000001020960480000000100000010305590023   
000434419840302003195917000001030960480000000100000010305590023   
000434419840302004195918000001040960480000000100000010305590023   
000434419840302005734418000001087860480000000469000010305590043   
000434419840302006488290000001076514480000000113460020105590559   
000434419840302007269066000001078614480000000021000010205590559   
000434419840302008488292000001073974480000000046400020105590559   
000434419840302009488294000001068999480000000049750020105590559   
000434419840302010488293000001063999480000000050000020105590559   
000434419840302011269113000001126004480000000620050010205590559   
000434419840303001000389000001125946480000000000580020505590007   
000434419840303002000401000001125888480000000000580020505590040   
000434419840303003000402000001125830480000000000580020505590117   
000434419840303004000403000001125772480000000000580020505590016   
000434419840303005774191000001138872480000000131000010305590530   
000434419840303006324755000001202338480000000634660010305590053   
000434419840303007794091000001207338480000000050000010305590013   
000434419840303008903793000001275988480000000686500010305590053   
000434419840303009269092000001287928480000000119400010205590559   
000434419840303010488291000001101857470000001860710120105590559   
000434419840303011488295000001091886470000000099710020105590559   
000434419840303012488296000001081614470000000102720020105590559   
000434419840303013000001000000342671520000007389429521205590559   
000434419840304001002261000000367400020000000247285010305590053   
000434419840304002195913000000377400020000000100000010305590023   
000434419840304003195919000000387400020000000100000010305590023   
000434419840304004195920000000397400020000000100000010305590023   
000434419840304005195921000000407400020000000100000010305590023   
000434419840304006195922000000417400020000000100000010305590023   
000434419840304007241255000000456350020000000389500010305590023   
000434419840305001450876000000457850020000000015000010305590033   
000434419840305002493571000000465750020000000079000010305590033   
000434419840305003977195000000468050020000000023000010305590033   
000434419840307001361508000000514730020000000466800010305590033   
000434419840307002488297000000487770020000000269600020105590559   
000434419840307003229822000001287770020000008000000011105590033   
000434419840307004000265000001107770020000001800000021205590559   
000434419840308001000158000001257770020000001500000010405590016   
000434419840308002781740000001278315020000000205450010305590530   
000434419840308003000160000001295315020000000170000010405590206   
000434419840308004269375000001400695020000001053800010205590559   
000434419840308005488298000001394840020000000058550020105590559   
000434419840308006000001000001394261020000000005790021505590559   
000434419840308007000001000001394840020000000005790p21505590559   
000434419840308008000001000001389131020000000057090021505590559   
000434419840309001140532000001411481020000000223500010305590043   
000434419840309002269399000001450181020000000387000010205590559   
000434419840309003000424000001450123020000000000580020505590007   
000434419840309004000425000001450065020000000000580020505590032   
000434419840309005000426000001450007020000000000580020505590117   
000434419840310001269539000002450007020000010000000010205590559   
000434419840310002488265000002443307020000000067000020105590559   
000434419840310003488300000002416935020000000263720020105590559   
000434419840310004488299000002409645020000000072900020105590559   
000434419840310005269541000002599420020000001897750010205590559   
000434419840310006492701000002574310020000000251100020105590559   
000434419840311001524136000002711310020000001370000010305590033   
000434419840311002734419000002725010020000000137000010305590043   
000434419840311003810730000002775010020000000500000010305590013   
000434419840311004269164000002800760020000000257500010205590559   
000434419840312001181663000002820760020000000200000010305590043   
000434419840312002280343000002870760020000000500000010305590033   
000434419840312003173172000002938053340000000672933210305590460   
000434419840316001151343000002955053340000000170000010305590559   
000434419840316002587377000003023089340000000680360010305590247   
000434419840316003492702000003021629340000000014600020105590559   
000434419840316004492703000002871629340000001500000020105590559   
000434419840317001521830000003277529340000004059000010305590607   
000434419840317002781565000003297029340000000195000010305590257   
000434419840317003242927000003312129340000000151000010305590033   
000434419840317004590945000003322129340000000100000010305590043   
000434419840317005903794000003382129340000000600000010305590053   
000434419840317006940090000003392129340000000100000010305590023   
000434419840317007000436000003392071340000000000580020505590007   
000434419840317008624137000006392071340000030000000011105590013   
000434419840317009269727000006473621340000000815500010205590559   
000434419840317010229873000007473621340000010000000011105590033   
000434419840317011492705000007468636340000000049850020105590559   
000434419840317012269838000007498736340000000301000010205590559   
000434419840317013492706000007493856340000000048800020105590559   
000434419840317014492707000007475776340000000180800020105590559   
000434419840317015492708000007449661340000000261150020105590559   
000434419840318001781566000007464661340000000150000010305590257   
000434419840318002269849000007473111340000000084500010205590559   
000434419840318003269685000007476111340000000030000010205590559   
000434419840318004269685000007473111340000000030000p10205590559   
000434419840318005269685000007473411340000000003000010205590559   
000434419840318006492709000004473411340000030000000020105590559   
000434419840318007492710000003973411340000005000000020105590559   
000434419840318008492711000002973411340000010000000020105590559   
000434419840319001492712000002893411340000000800000020105590559   
000434419840319002492704000002891971340000000014400020105590559   
000434419840319003492713000001641971340000012500000020105590559   
000434419840319004269887000001676051340000000340800010205590559   
000434419840319005269894000001733381340000000573300010205590559   
000434419840319006492715000001729971340000000034100020105590559   
000434419840319007492717000001726311340000000036600020105590559   
000434419840321001414476000001743711340000000174000010305590013   
000434419840321002419252000001746311340000000026000010305590043   
000434419840321003669050000001758911340000000126000010205590559   
000434419840322001000261000001778911340000000200000010405590007   
000434419840322002000389000001818911340000000400000010405590007   
000434419840322003553241000001868911340000000500000010305590013   
000434419840322004765812000001952591340000000836800010305591296   
000434419840322005937983000001958291340000000057000010305590195   
000434419840322006669104000001974995840000000167045010205590559   
000434419840322007669072000001984795840000000098000010205590559   
000434419840322008669128000001989535840000000047400010205590559   
000434419840322009669083000001995335840000000058000010205590559   
000434419840322010669082000002013335840000000180000010205590559   
000434419840322011669084000002015535840000000022000010205590559   
000434419840323001669190000002018840840000000033050010205590559   
000434419840323002669189000002030090840000000112500010205590559   
000434419840324001943180000002039890840000000098000010305590530   
000434419840324002492716000002012640840000000272500020105590559   
000434419840325001492721000001862640840000001500000020105590559   
000434419840325002492720000001859390840000000032500020105590559   
000434419840325003492719000001838689840000000207010020105590559   
000434419840325004669337000001886514840000000478250010205590559   
000434419840325005669306000001890914840000000044000010205590559   
000434419840326001267565000001952494840000000615800010305590013   
000434419840326002485213000001961494840000000090000010305590033   
000434419840326003582457000001977444840000000159500010305590033   
000434419840326004896129000002010344840000000329000010305590073   
000434419840326005908886000002054144840000000438000010305590033   
000434419840326006764643000002070944840000000168000010305590460   
000434419840326007669419000002073554840000000026100010205590559   
000434419840326008669406000002078454840000000049000010205590559   
000434419840326009492722000002073484840000000049700020105590559   
000434419840326010001084000002081484840000000080000010905590590   
000434419840328001483592000002100484840000000190000010305590312   
000434419840328002714559000002143434840000000429500010305590013   
000434419840328003669223000002286084840000001426500010205590559   
000434419840328004669474000002286854840000000007700010205590559   
000434419840328005492723000002136854840000001500000020105590559   
000434419840328006492724000002132484840000000043700020105590559   
000434419840328007492725000002110515840000000219690020105590559   
000434419840329001000001000002110215840000000003000021505590559   
000434419840329002000425000002138915840000000287000010405590032   
000434419840329003000292000002178915840000000400000010405590016   
000434419840329004492718000001965178930000002137369120105590559   
000434419840329005669385000001973528930000000083500010205590559   
000434419840330001892232000001998528930000000250000010305590559   
000434419840330002492714000001974528930000000240000020105590559   
000434419840330003669669000001993668930000000191400010205590559   
000434419840331001000427000002015668930000000220000010405591714   
000434419840331002000294000002041868930000000262000010405590025   
000434419840401001496481000002102118930000000602500010305590013   
000434419840401002669723000002107518930000000054000010205590559   
000434419840401003492728000002085927940000000215909920105590559   
000434419840401004492727000001285927940000008000000020105590559   
000434419840401005669724000001299377940000000134500010205590559   
000434419840401006669434000001320717940000000213400010205590559   
000434419840401007669710000001323817940000000031000010205590559   
000434419840402001036208000001455317940000001315000010305590033   
000434419840402002669713000001473917940000000186000010205590559   
000434419840402003492729000001469927940000000039900020105590559   
000434419840402004492726000001458827940000000111000020105590559   
000434419840402005669763000001469327940000000105000010205590559   
000434419840404001000537000001469269940000000000580020505590007   
000434419840404002000541000001469211940000000000580020505590088   
000434419840404003669798000001511461940000000422500010205590559   
000434419840404004492731000001479241940000000322200020105590559   
000434419840404005492732000001445461940000000337800020105590559   
000434419840405001421527000001447961940000000025000010305590033   
000434419840405002628854000001467961940000000200000010305590033   
000434419840405003823366000001605261940000001373000010305590033   
000434419840405004986170000001617561940000000123000010305590063   
000434419840405005492730000001612901940000000046600020105590559   
000434419840405006000784000001619601940000000067000010905590922   
000434419840406001000403000001659601940000000400000010405590016   
000434419840406002000401000001689601940000000300000010405590040   
000434419840406003248551000001692101940000000025000010305590033   
000434419840406004252986000001699601940000000075000010305590013   
000434419840406005552475000001712901940000000133000010305590043   
000434419840406006565699000001737901940000000250000010305590033   
000434419840406007966013000001741301940000000034000010205590559   
000434419840406008669981000001812016940000000707150010205590559   
000434419840406009492733000001712016940000001000000020105590559   
000434419840407001492735000001684664940000000273520020105590559   
000434419840408001966131000001685364940000000007000010205590559   
000434419840408002966151000001749654940000000642900010205590559   
000434419840408003492736000001745744940000000039100020105590559   
000434419840409001966234000001746844940000000011000010205590559   
000434419840409002492737000001745104940000000017400020105590559   
000434419840409003492738000001743544940000000015600020105590559   
000434419840409004492741000001738604940000000049400020105590559   
000434419840409005492739000001658604940000000800000020105590559   
000434419840411001252053000001814104940000001555000010305590143   
000434419840411002767451000001934104940000001200000010305591296   
000434419840411003822260000001944104940000000100000010305591186   
000434419840411004001838000001214783220000007293217221205590559   
000434419840411005492742000001210508220000000042750020105590559   
000434419840411006492744000000310508220000009000000020105590559   
000434419840411007492743000000305558220000000049500020105590559   
000434419840411008492745000000291508220000000140500020105590559   
000434419840411009966385000000297158220000000056500010205590559   
000434419840412001268182000000318758220000000216000010305590033   
000434419840412002414487000000386348220000000675900010305590013   
000434419840412003433007000000434398220000000480500010305590013   
000434419840412004506381000000441418220000000070200010305590043   
000434419840412005602456000000529218220000000878000010305590013   
000434419840412006610315000000555718220000000265000010305590023   
000434419840412007810731000000603468220000000477500010305590013   
000434419840412008831256000000629868220000000264000010305590013   
000434419840412009914137000000675868220000000460000010305590143   
000434419840412010291315000000709468220000000336000010305590268   
000434419840412011483596000000720668220000000112000010305590312   
000434419840412012000426000000768268220000000476000010405590117   
000434419840412013000402000000815868220000000476000010405590117   
000434419840412014966391000000836868220000000210000010205590559   
000434419840412015898307000001336868220000005000000011105590023   
000434419840412016966383000001347868220000000110000010205590559   
000434419840412017966173000001382958220000000350900010205590559   
000434419840413001714580000001493508220000001105500010305590013   
000434419840413002006424000001536508220000000430000010405590007   
000434419840413003966410000001542008220000000055000010205590559   
000434419840413004492746000001537198220000000048100020105590559   
000434419840413005492748000001510748220000000264500020105590559   
000434419840413006966510000001519618220000000088700010205590559   
000434419840414001040906000001529298220000000096800010305591245   
000434419840414002230987000001543348220000000140500010305590043   
000434419840414003940510000001590438220000000470900010305590043   
000434419840414004000541000001598938220000000085000010405590088   
000434419840414005492747000001211438220000003875000020105590559   
000434419840414006966549000001615488220000004040500010205590559   
000434419840414007966535000001620588220000000051000010205590559   
000434419840415001492749000001616068220000000045200020105590559   
000434419840415002492750000001466068220000001500000020105590559   
000434419840415003966632000001467268220000000012000010205590559   
000434419840416001495682000001477968220000000107000010305590255   
000434419840416002005022000001558968220000000810000010305590043   
000434419840416003140539000001573968220000000150000010305590043   
000434419840416004966603000001579668220000000057000010205590559   
000434419840416005966677000001593258220000000135900010205590559   
000434419840416006966646000001612708220000000194500010205590559   
000434419840418001784646000001617358220000000046500010305590530   
000434419840418002397164000001640358220000000230000010305590013   
000434419840418003733768000001651758220000000114000010305590023   
000434419840418004000647000001651662220000000000960020505590051   
000434419840418005492752000001648491720000000031705020105590559   
000434419840418006492751000001631724720000000167670020105590559   
000434419840418007492753000000731724720000009000000020105590559   
000434419840420001602493000000741724720000000100000010305590013   
000434419840420002772605000000751724720000000100000010305590023   
000434419840420003793904000000771724720000000200000010305590023   
000434419840420004291873000000784074720000000123500010305590560   
000434419840420005590362000000876055720000000919810010305590247   
000434419840420006000265000000638184770000002378709521205590559   
000434419840421001767452000000738184770000001000000010305591296   
000434419840421002313902000000763184770000000250000010305590013   
000434419840421003313941000000808704770000000455200010305590013   
000434419840421004966908000000824104770000000154000010205590559   
000434419840422001462062000000900104770000000760000010305590013   
000434419840422002483599000000906704770000000066000010305590312   
000434419840423001492756000000888249770000000184550020105590559   
000434419840423002492754000000688249770000002000000020105590559   
000434419840423003000436000000749249770000000610000010405590007   
000434419840423004492734000000742874070000000063757020105590559   
000434419840423005492758000000738334070000000045400020105590559   
000434419840423006492757000000733564070000000047700020105590559   
000434419840423007966950000000754684070000000211200010205590559   
000434419840425001749610000000769684070000000150000010305590195   
000434419840425002343976000000779684070000000100000010305590023   
000434419840425003446317000000789684070000000100000010305590023   
000434419840425004604631000000800684070000000110000010305590033   
000434419840425005719108000000810684070000000100000010305590023   
000434419840425006750302000000820684070000000100000010305590013   
000434419840425007492759000000796158090000000245259820105590559   
000434419840425008492760000000790059310000000060987820105590559   
000434419840425009492761000000290059310000005000000020105590559   
000434419840426001270680000000299259310000000092000010305590013   
000434419840427001394200000000309259310000000100000010305590013   
000434419840427002781185000000320459310000000112000010305590033   
000434419840427003496090000000346459310000000260000010205590559   
000434419840427004496166000000378709310000000322500010205590559   
000434419840427005492763000000372979310000000057300020105590559   
000434419840427006492764000000368079310000000049000020105590559   
000434419840427007492762000000363509310000000045700020105590559   
000434419840427008492765000000359419310000000040900020105590559   
000434419840427009496096000000359869310000000004500010205590559   
000434419840427010496095000000373969310000000141000010205590559   
000434419840427011492768000000368160320000000058089920105590559   
000434419840428001509558000000397160320000000290000010305590197   
000434419840428002625442000000450160320000000530000010305591395   
000434419840428003949417000000480160320000000300000010305590043   
000434419840428004492755000000437860320000000423000020105590559   
000434419840428005492766000000415460320000000224000020105590559   
000434419840428006966979000000417250320000000017900010205590559   
000434419840428007496336000000472845320000000555950010205590559   
000434419840428008492771000000468625320000000042200020105590559   
000434419840429001000737000000468567320000000000580020505590041   
000434419840429002492767000000239642360000002289249620105590559   
000434419840429003492769000000211922360000000277200020105590559   
000434419840429004496349000000229172360000000172500010205590559   
000434419840429005492773000000224862360000000043100020105590559   
000434419840429006492740000000202156460000000227059020105590559   
000434419840429007492772000000201806460000000003500020105590559   
000434419840429008496250000000203556460000000017500010205590559   
000434419840430001496369000000206046460000000024900010205590559   
000434419840501001414500000000426046460000002200000010305590013   
000434419840501002534987000000468546460000000425000010305590043   
000434419840501003496561000000473546460000000050000010205590559   
000434419840501004496525000000473996460000000004500010205590559   
000434419840502001734420000000506996460000000330000010305590043   
000434419840502002496589000000536941460000000299450010205590559   
000434419840503001143995000000556941460000000200000010305590013   
000434419840503002908893000000563691460000000067500010305590033   
000434419840503003496655000000593591460000000299000010205590559   
000434419840503004496658000000599191460000000056000010205590559   
000434419840503005492776000000594689460000000045020020105590559   
000434419840503006496659000000597389460000000027000010205590559   
000434419840504001734421000000614389460000000170000010305590043   
000434419840504002840689000000684639460000000702500010305590013   
000434419840504003492779000000637059460000000475800020105590559   
000434419840504004492777000000632719460000000043400020105590559   
000434419840504005898563000000845719460000002130000011105590023   
000434419840504006492774000000823839460000000218800020105590559   
000434419840504007492778000000819049460000000047900020105590559   
000434419840504008496757000000824049460000000050000010205590559   
000434419840504009492784000000474049460000003500000020105590559   
000434419840504010496785000000489349460000000153000010205590559   
000434419840505001767453000000589349460000001000000010305591296   
000434419840505002039713000000719349460000001300000010305590023   
000434419840505003525573000000732849460000000135000010305590033   
000434419840505004492775000000668632620000000642168420105590559   
000434419840505005496926000000674132620000000055000010205590559   
000434419840505006496926000000668632620000000055000p10205590559   
000434419840505007496926000000673682620000000050500010205590559   
000434419840505008000743000000673624620000000000580020505590006   
000434419840505009496989000000679784620000000061600010205590559   
000434419840506001338716000000684784620000000050000010305590033   
000434419840506002734422000000693209620000000084250010305590043   
000434419840506003492781000000687716620000000054930020105590559   
000434419840506004492780000000661716620000000260000020105590559   
000434419840506005496995000000670766620000000090500010205590559   
000434419840506006492785000000270766620000004000000020105590559   
000434419840508001495473000000659526620000003887600010305590043   
000434419840508002716875000000671126620000000116000010305590013   
000434419840508003000648000000675126620000000040000010405590009   
000434419840508004000537000000708526620000000334000010405590007   
000434419840508005492770000000658526620000000500000020105590559   
000434419840508006997098000000663226620000000047000010205590559   
000434419840509001919870000001140226620000004770000010305590013   
000434419840509002492788000001126226620000000140000020105590559   
000434419840509003997238000001147206620000000209800010205590559   
000434419840510001492789000001142566620000000046400020105590559   
000434419840510002492791000000992566620000001500000020105590559   
000434419840510003492790000000962566620000000300000020105590559   
000434419840510004997303000000968916620000000063500010205590559   
000434419840511001987376000000976741620000000078250010205590559   
000434419840511002492792000000947201620000000295400020105590559   
000434419840511003492783000000923446620000000237550020105590559   
000434419840511004000790000000923388620000000000580020505590016   
000434419840512001898516000001423388620000005000000011105590033   
000434419840512002997450000001441318620000000179300010205590559   
000434419840512003492794000001436488620000000048300020105590559   
000434419840512004997451000001453838620000000173500010205590559   
000434419840513001033495000001463838620000000100000010305590023   
000434419840513002033496000001473838620000000100000010305590023   
000434419840513003860511000001478838620000000050000010305590013   
000434419840513004492786000001472590620000000062480020105590559   
000434419840513005492795000001468234620000000043560020105590559   
000434419840513006997507000001469044620000000008100010205590559   
000434419840513007492798000001464924620000000041200020105590559   
000434419840513008997480000001505444620000000405200010205590559   
000434419840513009997519000001506444620000000010000010205590559   
000434419840515001492796000000256444620000012500000020105590559   
000434419840515002492787000000250444620000000060000020105590559   
000434419840516001193396000000304444620000000540000010305590043   
000434419840516002274213000000356444620000000520000010305590043   
000434419840516003281278000000366194620000000097500010305590033   
000434419840516004492793000000357826620000000083680020105590559   
000434419840516005997644000000372826620000000150000010205590559   
000434419840516006000743000000377626620000000048000010405590006   
000434419840516007492797000000351776620000000258500020105590559   
000434419840516008997647000000359406620000000076300010205590559   
000434419840516009000001000000359173620000000002330021505590559   
000434419840516010997608000000373643620000000144700010205590559   
000434419840517001492799000000369203620000000044400020105590559   
000434419840517002997732000000405023620000000358200010205590559   
000434419840517003997734000000409707120000000046835010205590559   
000434419840518001497508000000376007120000000337000020105590559   
000434419840518002997792000000379107120000000031000010205590559   
000434419840519001036227000000518207120000001391000010305590033   
000434419840519002830152000000542357120000000241500010305590312   
000434419840519003497503000000527479040000000148780820105590559   
000434419840519004997821000000551179040000000237000010205590559   
000434419840520001521840000000651179040000001000000010305590607   
000434419840520002031551000000661679040000000105000010305590053   
000434419840520003497505000000639383540000000222955020105590559   
000434419840522001238749000000665433540000000260500010305590023   
000434419840522002734423000000676183540000000107500010305590043   
000434419840522003286230000000685783540000000096000010305590559   
000434419840522004997949000000731513540000000457300010205590559   
000434419840522005997942000000752003540000000204900010205590559   
000434419840522006997953000000801703540000000497000010205590559   
000434419840523001497509000000794240150000000074633920105590559   
000434419840523002497507000000788183330000000060568220105590559   
000434419840523003124021000000833333330000000451500010205590559   
000434419840524001943344000000838333330000000050000010305590530   
000434419840524002240149000000848333330000000100000010305590013   
000434419840524003281283000000879333330000000310000010305590033   
000434419840524004575146000000889333330000000100000010305590023   
000434419840524005954060000000894333330000000050000010305590013   
000434419840524006497512000000890273330000000040600020105590559   
000434419840524007124155000000918183330000000279100010205590559   
000434419840524008497516000000912983330000000052000020105590559   
000434419840524009497517000000908483330000000045000020105590559   
000434419840524010497511000000903503330000000049800020105590559   
000434419840524011497514000000899283330000000042200020105590559   
000434419840524012497515000000896783330000000025000020105590559   
000434419840524013124160000000911783330000000150000010205590559   
000434419840524014497513000000888043330000000237400020105590559   
000434419840525001000871000000887753330000000002900020505591229   
000434419840525002497504000000876740930000000110124020105590559   
000434419840525003497506000000871413230000000053277020105590559   
000434419840525004497510000000829113230000000423000020105590559   
000434419840525005492800000000810495830000000186174020105590559   
000434419840525006124196000000814940830000000044450010205590559   
000434419840525007497518000000514940830000003000000020105590559   
000434419840526001399068000000664690830000001497500010305590143   
000434419840526002124362000000669070830000000043800010205590559   
000434419840526003124364000000669610830000000005400010205590559   
000434419840526004124367000000684060830000000144500010205590559   
000434419840527001062674000000712290830000000282300010305590023   
000434419840527002565825000000740790830000000285000010305590023   
000434419840527003497502000000722643330000000181475020105590559   
000434419840527004497519000000721343330000000013000020105590559   
000434419840529001124335000000732943330000000116000010205590559   
000434419840529002124334000000735043330000000021000010205590559   
000434419840529003497520000000730983330000000040600020105590559   
000434419840529004497522000000725174340000000058089920105590559   
000434419840530001830155000000741174340000000160000010305590312   
000434419840530002341611000000752174340000000110000010305590013   
000434419840530003677758000000980288340000002281140010305590033   
000434419840530004497501000000958476480000000218118620105590559   
000434419840530005124458000000960126480000000016500010205590559   
000434419840530006497532000000810126480000001500000020105590559   
000434419840530007497521000000806051480000000040750020105590559   
000434419840530008124464000000814481480000000084300010205590559   
000434419840530009497533000000784632480000000298490020105590559   
000434419840531001727056000000794332480000000097000010305590053   
000434419840531002946504000000814332480000000200000010305590073   
000434419840531003946505000000834332480000000200000010305590073   
000434419840531004492782000000828432480000000059000020105590559   
000434419840531005497530000000803232480000000252000020105590559   
000434419840531006124663000000804912480000000016800010205590559   
000434419840531007124665000000807212480000000023000010205590559   
000434419840531008497528000000790761520000000164509620105590559   
000434419840601001497531000000782841520000000079200020105590559   
000434419840601002228946000000803841520000000210000010305591496   
000434419840601003124495000000820591520000000167500010205590559   
000434419840601004124728000000832491520000000119000010205590559   
000434419840601005497537000000582491520000002500000020105590559   
000434419840601006497538000000578581520000000039100020105590559   
000434419840601007497536000000563581520000000150000020105590559   
000434419840602001281280000000584731520000000211500010305590033   
000434419840602002468856000000610191520000000254600010305590053   
000434419840602003520677000000619591520000000094000010305590053   
000434419840602004497534000000603091520000000165000020105590559   
000434419840602005497523000000365511630000002375798920105590559   
000434419840602006497541000000205511630000001600000020105590559   
000434419840602007000737000000355511630000001500000010405590041   
000434419840602008497535000000341166180000000143454520105590559   
000434419840602009497540000000296596180000000445700020105590559   
000434419840603001280164000000305036180000000084400010305590023   
000434419840603002341396000000315576180000000105400010305590013   
000434419840603003124855000000334041180000000184650010205590559   
000434419840603004000970000000333867180000000001740020505590005   
000434419840603005000973000000333809180000000000580020505590065   
000434419840605001497542000000329929180000000038800020105590559   
000434419840605002497539000000325299180000000046300020105590559   
000434419840606001281281000000376649180000000513500010305590033   
000434419840606002950824000000383649180000000070000010305590033   
000434419840606003987882000000432089180000000484400010305590053   
000434419840606004723069000000434089180000000020000010205590559   
000434419840606005723089000000444489180000000104000010205590559   
000434419840607001497529000000430184880000000143043020105590559   
000434419840607002124867000000440434880000000102500010205590559   
000434419840607003539875000001191434880000007510000011105590043   
000434419840608001124892000001215294880000000238600010205590559   
000434419840608002497544000001211354880000000039400020105590559   
000434419840608003124895000001220264880000000089100010205590559   
000434419840608004497543000001196053880000000242110020105590559   
000434419840608005497545000001191283880000000047700020105590559   
000434419840608006124896000001223698880000000324150010205590559   
000434419840609001110050000001235198880000000115000010305590123   
000434419840609002564131000001245198880000000100000010305590033   
000434419840609003564132000001257898880000000127000010305590033   
000434419840609004564133000001261198880000000033000010305590033   
000434419840609005497524000001241984040000000192148420105590559   
000434419840609006497547000001177314040000000646700020105590559   
000434419840610001914144000001202314040000000250000010305590143   
000434419840610002723510000001293374040000000910600010205590559   
000434419840612001497549000001193374040000001000000020105590559   
000434419840612002723343000001194474040000000011000010205590559   
000434419840612003681556000002328299040000011338250011105590013   
000434419840612004723458000002413279040000000849800010205590559   
000434419840612005497546000002409294040000000039850020105590559   
000434419840613001367355000002444494040000000352000010305590013   
000434419840613002871800000002453994040000000095000010305590043   
000434419840613003913745000002483994040000000300000010305590143   
000434419840613004497525000002467402040000000165920020105590559   
000434419840614001758440000002477402040000000100000010305590013   
000434419840614002758441000002487402040000000100000010305590013   
000434419840614003828589000002507402040000000200000010305590023   
000434419840614004448758000002735972040000002285700010305590093   
000434419840614005497554000002385972040000003500000020105590559   
000434419840614006497552000002379722040000000062500020105590559   
000434419840614007497557000002374972040000000047500020105590559   
000434419840614008497548000002370062040000000049100020105590559   
000434419840614009497550000002365832040000000042300020105590559   
000434419840614010723491000002374707040000000088750010205590559   
000434419840614011497551000002374137040000000005700020105590559   
000434419840614012497553000002344449540000000296875020105590559   
000434419840614013723377000002368899540000000244500010205590559   
000434419840614014497527000002355684660000000132148820105590559   
000434419840614015723383000002377759660000000220750010205590559   
000434419840614016497556000002016159660000003616000020105590559   
000434419840614017723287000002018839660000000026800010205590559   
000434419840616001723616000002031489660000000126500010205590559   
000434419840616002036237000002131539660000001000500010305590033   
000434419840616003248558000002156999660000000254600010305590053   
000434419840616004445455000002474999660000003180000010305590023   
000434419840616005503770000002518599660000000436000010305590013   
000434419840616006781192000002528199660000000096000010305590033   
000434419840616007972526000002536649660000000084500010305590013   
000434419840616008000647000002544049660000000074000010405590051   
000434419840616009497555000001294049660000012500000020105590559   
000434419840616010000790000001344049660000000500000010405590016   
000434419840616011497561000001343029660000000010200020105590559   
000434419840616012497562000001341469660000000015600020105590559   
000434419840616013723676000001652319660000003108500010205590559   
000434419840617001248558000001659279660000000069600010305590033   
000434419840617002497558000001616979660000000423000020105590559   
000434419840617003004759000001625679660000000087000010905590007   
000434419840617004497559000001621794660000000038850020105590559   
000434419840617005723642000001636044660000000142500010205590559   
000434419840617006497563000001336044660000003000000020105590559   
000434419840619001589260000001404080660000000680360010305590247   
000434419840619002031556000001428380660000000243000010305590053   
000434419840619003033021000001510980660000000826000010305590013   
000434419840619004113501000001531420660000000204400010305590013   
000434419840619005334130000001547420660000000160000010305590033   
000434419840619006334131000001557420660000000100000010305590033   
000434419840619007585251000001572420660000000150000010305590013   
000434419840619008723735000001578960660000000065400010205590559   
000434419840620001497564000001424080660000001548800020105590559   
000434419840620002497560000001420190660000000038900020105590559   
000434419840620003723842000001448040660000000278500010205590559   
000434419840621001099631000001498040660000000500000010305590023   
000434419840621002341369000001563490660000000654500010305590013   
000434419840621003729992000001638490660000000750000010305590023   
000434419840621004838717000001649990660000000115000010305590133   
000434419840621005913788000001749990660000001000000010305590013   
000434419840622001628053000001777250660000000272600010305590043   
000434419840622002723948000001781950660000000047000010205590559   
000434419840622003497567000001631950660000001500000020105590559   
000434419840622004497569000001629759300000000021913620105590559   
000434419840622005497568000001629649740000000001095620105590559   
000434419840622006723987000001636049740000000064000010205590559   
000434419840623001497573000001236049740000004000000020105590559   
000434419840623002497565000001235049740000000010000020105590559   
000434419840623003497566000001208740740000000263090020105590559   
000434419840623004723982000001219040740000000103000010205590559   
000434419840623005497571000001214140740000000049000020105590559   
000434419840623006497570000001210115740000000040250020105590559   
000434419840623007184510000001215755740000000056400010205590559   
000434419840623008184509000001216655740000000009000010205590559   
000434419840623009497572000001211725740000000049300020105590559   
000434419840624001002278000001226725740000000150000010905590590   
000434419840624002329763000001237625740000000109000010305590560   
000434419840624003292921000001245775740000000081500010305590043   
000434419840624004450187000001383905740000001381300010305590053   
000434419840624005450191000001389605740000000057000010305590053   
000434419840624006901625000001418105740000000285000010305590143   
000434419840624007000001000001047535150000003705705921205590559   
000434419840624008000001000000566566790000004809683621205590559   
000434419840626001115266000000692516790000001259500010305590023   
000434419840626002203346000000699016790000000065000010305590033   
000434419840626003184659000000699866790000000008500010205590559   
000434419840626004184658000000704076790000000042100010205590559   
000434419840626005184660000000720796790000000167200010205590559   
000434419840627001031562000000730796790000000100000010305590053   
000434419840627002539405000000829886790000000990900010305590143   
000434419840627003000873000000879886790000000500000010405590065   
000434419840627004000874000000910496190000000306094010405590469   
000434419840627005000872000000920496190000000100000010405590047   
000434419840627006000875000001058921510000001384253210405590011   
000434419840627007497574000001058421510000000005000020105590559   
000434419840627008184749000001084421510000000260000010205590559   
000434419840627009497577000000784421510000003000000020105590559   
000434419840628001620404000000809661510000000252400010305590530   
000434419840628002166022000000921211510000001115500010305590013   
000434419840628003908896000000927911510000000067000010305590033   
000434419840628004497526000000803104300000001248072120105590559   
000434419840628005497526000000927911510000001248072q20105590559   
000434419840628006497526000000915430790000000124807220105590559   
000434419840628007497576000000911520790000000039100020105590559   
000434419840628008184820000000933320790000000218000010205590559   
000434419840628009184821000000941970790000000086500010205590559   
000434419840628010497580000000936161800000000058089920105590559   
000434419840628011497579000000935156800000000010050020105590559   
000434419840630001281285000000959031800000000238750010305590033   
000434419840630002001111000000958973800000000000580020505590016   
000434419840630003184936000000978288800000000193150010205590559   
000434419840630004184982000000992108800000000138200010205590559   
000434419840631001067782000001071908800000000798000010305590043   
000434419840631002229332000001074408800000000025000010305590043   
000434419840631003546639000001087408800000000130000010305590013   
000434419840631004497581000001079768800000000076400020105590559   
000434419840631005497575000000846888090000002328807120105590559   
000434419840631006497582000000796888090000000500000020105590559   
000434419840631007497578000000772059090000000248290020105590559   
000434419840631008497583000000767634090000000044250020105590559   
000434419840631009184114000000776934090000000093000010205590559   
000434419840631010184113000000778859090000000019250010205590559   
000434419840702001531573000000801859090000000230000010305590023   
000434419840702002677562000000811859090000000100000010305590023   
000434419840702003998515000000890059090000000782000010305590043   
000434419840702004497584000000886234090000000038250020105590559   
000434419840702005184855000000910384090000000241500010205590559   
000434419840702006497585000000125674920000007847091720105590559   
000434419840703001497586000000112194920000000134800020105590559   
000434419840703002184250000000113394920000000012000010205590559   
000434419840703003184249000000125864920000000124700010205590559   
000434419840703004184265000000194714920000000688500010205590559   
000434419840704001638287000000225264920000000305500010305590250   
000434419840704002184032000000234364920000000091000010205590559   
000434419840704003000971000000324364920000000900000010405590049   
000434419840704004000871000000361364920000000370000010405591229   
000434419840704005000972000000392986430000000316215110405590030   
000434419840704006000973000000462986430000000700000010405590065   
000434419840704007497588000000411076430000000519100020105590559   
000434419840704008497587000000407801430000000032750020105590559   
000434419840704009184051000000461931430000000541300010205590559   
000434419840704010184054000000489621430000000276900010205590559   
000434419840705001497589000000485651430000000039700020105590559   
000434419840705002184301000000535014430000000493630010205590559   
000434419840705003000001000000534783430000000002310021505590559   
000434419840705004001140000000534725430000000000580020505590007   
000434419840705005184343000000606505430000000717800010205590559   
000434419840706001385822000000614655430000000081500010305590123   
000434419840706002497593000000593402430000000212530020105590559   
000434419840706003497591000000592902430000000005000020105590559   
000434419840706004497590000000392902430000002000000020105590559   
000434419840706005184391000000401227430000000083250010205590559   
000434419840707001623830000000435217430000000339900010305591102   
000434419840707002528679000000445217430000000100000010305590013   
000434419840707003734722000000456217430000000110000010305590013   
000434419840707004867971000000476217430000000200000010305590013   
000434419840707005000970000000501217430000000250000010405590005   
000434419840707006184443000000510917430000000097000010205590559   
000434419840709001992926000000524817430000000139000010305590043   
000434419840709002184491000000541267430000000164500010205590559   
000434419840710001130790000000557267430000000160000010305590043   
000434419840710002199591000000619117430000000618500010205590559   
000434419840710003497595000000419117430000002000000020105590559   
000434419840710004497592000000414772430000000043450020105590559   
000434419840710005199542000000425912430000000111400010205590559   
000434419840711001247226000000430912430000000050000010305590033   
000434419840711002343005000000476862430000000459500010305590013   
000434419840711003199053000000481762430000000049000010205590559   
000434419840711004497596000000481512430000000002500020105590559   
000434419840711005497597000000451704230000000298082020105590559   
000434419840712001972874000000466904230000000152000010305590013   
000434419840712002497594000000274904230000001920000020105590559   
000434419840712003501302000000273484230000000014200020105590559   
000434419840712004501301000000073484230000002000000020105590559   
000434419840712005497600000000068844230000000046400020105590559   
000434419840712006199101000000070994230000000021500010205590559   
000434419840712007199106000000071469230000000004750010205590559   
000434419840713001442147000000076469230000000050000010305590023   
000434419840713002497598000000073179230000000032900020105590559   
000434419840713003199133000000086319230000000131400010205590559   
000434419840713004501304000000084969230000000013500020105590559   
000434419840713005501303000000064694230000000202750020105590559   
000434419840713006199181000000077544230000000128500010205590559   
000434419840714001784175000000109344230000000318000010305590013   
000434419840714002199206000000116294230000000069500010205590559   
000434419840714003199213000000123514230000000072200010205590559   
000434419840716001031581000000125884230000000023700010305590053   
000434419840716002885655000000130884230000000050000010305590013   
000434419840716003199283000000137489230000000066050010205590559   
000434419840716004497599000000133059230000000044300020105590559   
000434419840716005199287000000136759230000000037000010205590559   
000434419840717001569239000000221759230000000850000010305591296   
000434419840717002282493000000269009230000000472500010305590033   
000434419840717003286849000000290459230000000214500010305590123   
000434419840717004363589000000300459230000000100000010305590013   
000434419840717005372038000000305459230000000050000010305590013   
000434419840717006468858000000329834230000000243750010305590053   
000434419840717007524332000000340834230000000110000010305590063   
000434419840717008569896000000349834230000000090000010305590033   
000434419840717009573339000000364034230000000142000010305590023   
000434419840717010911588000000407514230000000434800010305590013   
000434419840717011914148000000473514230000000660000010305590143   
000434419840717012682958000000617667230000001441530011105590013   
000434419840717013501305000000614387230000000032800020105590559   
000434419840717014501307000000603087230000000113000020105590559   
000434419840717015501309000000581387230000000217000020105590559   
000434419840717016501308000000577287230000000041000020105590559   
000434419840717017199417000000581337230000000040500010205590559   
000434419840718001351341000000596337230000000150000010305590033   
000434419840718002501310000000593087230000000032500020105590559   
000434419840718003199385000000603387230000000103000010205590559   
000434419840718004199462000000625657230000000222700010205590559   
000434419840719001436887000000655657230000000300000010305590033   
000434419840719002576133000000701237230000000455800010305590013   
000434419840719003199389000000703187230000000019500010205590559   
000434419840719004501312000000203187230000005000000020105590559   
000434419840719005501311000000200316680000000028705520105590559   
000434419840719006199630000000205431680000000051150010205590559   
000434419840720001199741000000209831680000000044000010205590559   
000434419840721001099632000000259831680000000500000010305590023   
000434419840721002120911000000283381680000000235500010305590033   
000434419840721003261548000000285381680000000020000010305590043   
000434419840721004811681000000291681680000000063000010305590043   
000434419840721005910086000000314581680000000229000010305590043   
000434419840721006199715000000344521680000000299400010205590559   
000434419840721007501314000000323474180000000210475020105590559   
000434419840723001337329000000333474180000000100000010305590013   
000434419840723002514783000000338474180000000050000010305590013   
000434419840723003615681000000348474180000000100000010305590013   
000434419840723004953636000000399256430000000507822510305590053   
000434419840723005589295000000565630430000001663740010305590247   
000434419840723006501315000000315630430000002500000020105590559   
000434419840724001569240000000400630430000000850000010305591296   
000434419840724002182549000000408350430000000077200010205590559   
000434419840724003501306000000408041430000000003090020105590559   
000434419840724004199794000000425266430000000172250010205590559   
000434419840725001417286000000458266430000000330000010305590033   
000434419840725002501316000000455411430000000028550020105590559   
000434419840725003182568000000456161430000000007500010205590559   
000434419840725004501313000000440996240000000151651920105590559   
000434419840725005199876000000457991240000000169950010205590559   
000434419840725006501317000000207991240000002500000020105590559   
000434419840726001198718000000217991240000000100000010305590033   
000434419840726002182588000000244291240000000263000010205590559   
000434419840726003501319000000231291240000000130000020105590559   
000434419840726004199887000000272111240000000408200010205590559   
000434419840727001573090000000277111240000000050000010305590013   
000434419840727002501321000000271302250000000058089920105590559   
000434419840727003501325000000271052250000000002500020105590559   
000434419840727004199955000000282752250000000117000010205590559   
000434419840727005001804000000291302250000000085500010905591855   
000434419840727006182607000000391302250000001000000010205590559   
000434419840727007501320000000347602250000000437000020105590559   
000434419840728001852643000000647602250000003000000011105590013   
000434419840730001436888000000677602250000000300000010305590033   
000434419840730002501326000000671822250000000057800020105590559   
000434419840730003501324000000668587250000000032350020105590559   
000434419840730004182740000000670834250000000022470010205590559   
000434419840801001058227000000680834250000000100000010305590043   
000434419840801002125604000000724434250000000436000010305590033   
000434419840801003244502000000960784250000002363500010305590033   
000434419840801004182814000000961534250000000007500010205590559   
000434419840801005182816000000973184250000000116500010205590559   
000434419840802001501322000000744719010000002284652420105590559   
000434419840802002807572000001539719010000007950000011105590013   
000434419840802003501329000001239719010000003000000020105590559   
000434419840804001001111000001339719010000001000000010405590016   
000434419840804002913789000001397819010000000581000010305590013   
000434419840804003182975000001406299010000000084800010205590559   
000434419840804004182913000001490889010000000845900010205590559   
000434419840804005002867000001505389010000000145000010905590590   
000434419840804006501331000000705389010000008000000020105590559   
000434419840805001569241000000790389010000000850000010305591296   
000434419840805002351344000000809069010000000186800010305590033   
000434419840805003950794000000869619010000000605500010305590023   
000434419840805004501332000000823759010000000458600020105590559   
000434419840805005501333000000770909010000000528500020105590559   
000434419840807001749606000000873039010000001021300010305590053   
000434419840807002501330000000869809010000000032300020105590559   
000434419840807003182104000000871409010000000016000010205590559   
000434419840807004501334000000850729010000000206800020105590559   
000434419840807005501336000000650729010000002000000020105590559   
000434419840807006501335000000650229010000000005000020105590559   
000434419840808001182141000000652049010000000018200010205590559   
000434419840808002501318000000647959010000000040900020105590559   
000434419840808003501323000000644354010000000036050020105590559   
000434419840808004501327000000639964010000000043900020105590559   
000434419840808005501328000000626434300000000135297120105590559   
000434419840808006182146000000636334300000000099000010205590559   
000434419840809001001140000000649234300000000129000010405590007   
000434419840809002436889000000679234300000000300000010305590033   
000434419840809003817352000000694184300000000149500010305590043   
000434419840809004501337000000689499300000000046850020105590559   
000434419840809005182239000000706799300000000173000010205590559   
000434419840810001182307000000713599300000000068000010205590559   
000434419840810002683538000003044424300000023308250011105590013   
000434419840810003501339000002844424300000002000000020105590559   
000434419840811001433270000002871424300000000270000010305590033   
000434419840811002182430000002882724300000000113000010205590559   
000434419840811003501343000002865069300000000176550020105590559   
000434419840811004501341000002864319300000000007500020105590559   
000434419840811005501340000002862759300000000015600020105590559   
000434419840811006501338000002839365820000000233934820105590559   
000434419840811007182358000002856315820000000169500010205590559   
000434419840812001501346000002256315820000006000000020105590559   
000434419840812002501347000001656315820000006000000020105590559   
000434419840814001623048000001792795820000001364800010305590530   
000434419840814002345454000001801285820000000084900010305590013   
000434419840814003501345000001797915820000000033700020105590559   
000434419840814004576042000001801865820000000039500010205590559   
000434419840814005576044000001810940820000000090750010205590559   
000434419840814006501344000001807095820000000038450020105590559   
000434419840814007576047000001819240820000000121450010205590559   
000434419840814008576046000001834940820000000157000010205590559   
000434419840814009501348000001634940820000002000000020105590559   
000434419840815001569242000001719940820000000850000010305591296   
000434419840815002216131000001723240820000000033000010305590033   
000434419840815003384200000001733240820000000100000010305590013   
000434419840815004501342000000483240820000012500000020105590559   
000434419840815005576175000000497340820000000141000010205590559   
000434419840816001095063000000513430820000000160900010305590530   
000434419840816002468859000000537805820000000243750010305590053   
000434419840816003501349000000534175820000000036300020105590559   
000434419840816004576213000000537875820000000037000010205590559   
000434419840816005576219000000548495820000000106200010205590559   
000434419840817001001838000000173155970000003753398521205590559   
000434419840817002576254000000216005970000000428500010205590559   
000434419840818001347051000000226005970000000100000010305590043   
000434419840818002347052000000236005970000000100000010305590043   
000434419840818003818252000000241405970000000054000010305590033   
000434419840818004836447000000251405970000000100000010305590013   
000434419840818005277485000000457325970000002059200010305590143   
000434419840818006576344000000481115970000000237900010205590559   
000434419840819001501352000000480865970000000002500020105590559   
000434419840819002501351000000477750970000000031150020105590559   
000434419840819003576332000000482300970000000045500010205590559   
000434419840819004576389000000565620970000000833200010205590559   
000434419840819005501350000000561950970000000036700020105590559   
000434419840819006576390000000563360970000000014100010205590559   
000434419840819007501353000000547868470000000154925020105590559   
000434419840819008501354000000546518470000000013500020105590559   
000434419840821001595201000000625970170000000794517010305590247   
000434419840821002595202000000701620170000000756500010305590247   
000434419840821003623057000000731120170000000295000010305590530   
000434419840821004623058000000757620170000000265000010305590530   
000434419840821005137847000000782620170000000250000010305590033   
000434419840821006839557000000802620170000000200000010305590033   
000434419840821007953709000000854360170000000517400010305590023   
000434419840821008576457000000876910170000000225500010205590559   
000434419840821009002022000000887210170000000103000010905591855   
000434419840822001000265000000644892170000002423180021205590559   
000434419840822002001838000000274736170000003701560021205590559   
000434419840822003099633000000324736170000000500000010305590023   
000434419840822004358832000000352536170000000278000010305590023   
000434419840822005501355000000347686170000000048500020105590559   
000434419840822006576581000000396286170000000486000010205590559   
000434419840822007576497000000397961170000000016750010205590559   
000434419840822008576496000000471101170000000731400010205590559   
000434419840823001501358000000121101170000003500000020105590559   
000434419840823002576620000000130731170000000096300010205590559   
000434419840823003501360000000128651170000000020800020105590559   
000434419840823004501357000000125451170000000032000020105590559   
000434419840823005501359000000106459670000000189915020105590559   
000434419840823006576589000000141119670000000346600010205590559   
000434419840824001010318000000142119670000000010000010305590053   
000434419840824002144720000000150879670000000087600010305590013   
000434419840824003264841000000200879670000000500000010305590043   
000434419840824004576680000000205879670000000050000010205590559   
000434419840824005501356000000185140070000000207396020105590559   
000434419840824006501362000000180910070000000042300020105590559   
000434419840824007576676000000248460070000000675500010205590559   
000434419840825001000001000000248410070000000000500021205590559   
000434419840825002501363000000245060070000000033500020105590559   
000434419840825003576655000000276140070000000310800010205590559   
000434419840826001361491000000326140070000000500000010305590013   
000434419840826002708887000000328140070000000020000010305590013   
000434419840826003950170000000333140070000000050000010305590013   
000434419840826004501361000000332890070000000002500020105590559   
000434419840826005576812000000341690070000000088000010205590559   
000434419840826006501370000000321882070000000198080020105590559   
000434419840826007501367000000318102070000000037800020105590559   
000434419840826008501368000000314992070000000031100020105590559   
000434419840826009501364000000164992070000001500000020105590559   
000434419840828001501365000000163583370000000014087020105590559   
000434419840828002501366000000163438600000000001447720105590559   
000434419840828003576887000000165208600000000017700010205590559   
000434419840828004576892000000212018600000000468100010205590559   
000434419840828005576899000000312018600000001000000010205590559   
000434419840828006576940000000318118600000000061000010205590559   
000434419840829001182301000000333118600000000150000010305590033   
000434419840829002246488000000343118600000000100000010305590023   
000434419840829003358840000000393118600000000500000010305590023   
000434419840829004436784000000593118600000002000000010305590013   
000434419840829005586407000000608718600000000156000010305590023   
000434419840829006744679000000620968600000000122500010305590063   
000434419840829007576964000000657668600000000367000010205590559   
000434419840829008501372000000652801630000000048669720105590559   
000434419840829009501373000000649626630000000031750020105590559   
000434419840829010576967000000677316630000000276900010205590559   
000434419840830001501375000000674266630000000030500020105590559   
000434419840830002337133000000675266630000000010000010205590559   
000434419840830003501376000000658336630000000169300020105590559   
000434419840901001217141000000665136630000000068000010305590043   
000434419840901002407799000000668716630000000035800010305590033   
000434419840901003744012000000689716630000000210000010305590023   
000434419840901004860560000000699716630000000100000010305590063   
000434419840901005501369000000473541630000002261750020105590559   
000434419840901006501377000000173541630000003000000020105590559   
000434419840901007337221000000175661630000000021200010205590559   
000434419840901008337242000000193766630000000181050010205590559   
000434419840901009337241000000221951630000000281850010205590559   
000434419840902001643669000000272451630000000505000010305590013   
000434419840902002501371000000272151630000000003000020105590559   
000434419840902003337316000000299561630000000274100010205590559   
000434419840902004337263000000315589130000000160275010205590559   
000434419840902005501378000000312209130000000033800020105590559   
000434419840903001595203000000393931130000000817220010305590247   
000434419840903002749615000000504431130000001105000010305590053   
000434419840903003337333000000522256130000000178250010205590559   
000434419840905001337440000000530206130000000079500010205590559   
000434419840905002337412000000542606130000000124000010205590559   
000434419840905003337447000000551766130000000091600010205590559   
000434419840906001420154000000571766130000000200000010305590023   
000434419840906002842026000000588766130000000170000010305590013   
000434419840906003501380000000569026130000000197400020105590559   
000434419840906004501379000000537506130000000315200020105590559   
000434419840906005337489000000544728130000000072220010205590559   
000434419840906006337488000000547788130000000030600010205590559   
000434419840906007501381000000397788130000001500000020105590559   
000434419840908001501374000000383376130000000144120020105590559   
000434419840908002337514000000390476130000000071000010205590559   
000434419840908003337513000000414556130000000240800010205590559   
000434419840908004501383000000411261130000000032950020105590559   
000434419840908005501382000000407676130000000035850020105590559   
000434419840908006501385000000403476130000000042000020105590559   
000434419840908007501384000000403226130000000002500020105590559   
000434419840908008337540000000450826130000000476000010205590559   
000434419840909001423382000000464006130000000131800010305591231   
000434419840909002217149000000470706130000000067000010305590043   
000434419840909003520304000000479706130000000090000010305590013   
000434419840909004734430000000489506130000000098000010305590043   
000434419840909005890526000000493506130000000040000010305590043   
000434419840909006975979000000503506130000000100000010305590013   
000434419840909007501387000000253506130000002500000020105590559   
000434419840909008501388000000238326130000000151800020105590559   
000434419840909009501386000000234661130000000036650020105590559   
000434419840909010337664000000259161130000000245000010205590559   
000434419840909011337668000000297561130000000384000010205590559   
000434419840910001839564000000302561130000000050000010305590033   
000434419840910002996551000000312061130000000095000010305590023   
000434419840910003337682000000333911130000000218500010205590559   
000434419840912001117914000000363911130000000300000010305590023   
000434419840912002160445000000371891130000000079800010305590013   
000434419840912003235937000000471891130000001000000010305590013   
000434419840912004789848000000482691130000000108000010305590023   
000434419840912005684346000000524491130000000418000011105590013   
000434419840913001501389000000224491130000003000000020105590559   
000434419840913002501392000000207373630000000171175020105590559   
000434419840913003501393000000207013630000000003600020105590559   
000434419840913004501391000000203263630000000037500020105590559   
000434419840913005501390000000199733630000000035300020105590559   
000434419840913006337881000000218263630000000185300010205590559   
000434419840913007337883000000251313630000000330500010205590559   
000434419840913008337896000000251813630000000005000010205590559   
000434419840914001352370000000301813630000000500000010305590043   
000434419840914002748684000000306113630000000043000010305590053   
000434419840914003000001000000305963630000000001500021505590559   
000434419840914004337936000000310638630000000046750010205590559   
000434419840914005337945000000392548630000000819100010205590559   
000434419840915001899013000000673298630000002807500011105590023   
000434419840915002844730000000693298630000000200000010305590559   
000434419840915003501394000000443298630000002500000020105590559   
000434419840919001501395000000439948630000000033500020105590559   
000434419840919002501396000000434998630000000049500020105590559   
000434419840919003241068000000448348630000000133500010205590559   
000434419840919004241073000000491484630000000431360010205590559   
000434419840920001096222000000549909630000000584250010305590013   
000434419840920002501400000000149909630000004000000020105590559   
000434419840920003241231000000161179630000000112700010205590559   
000434419840920004182387000000217412630000000562330010205590559   
000434419840920005238001000000201337630000000160750020105590559   
000434419840920006501399000000198177630000000031600020105590559   
000434419840920007501397000000194637630000000035400020105590559   
000434419840920008501398000000189647630000000049900020105590559   
000434419840920009182389000000209247630000000196000010205590559   
000434419840920010001829000000209189630000000000580020505590031   
000434419840920011182390000000227939630000000187500010205590559   
000434419840920012856777000001679149630000014512100011105590043   
000434419840921001099634000001729149630000000500000010305590023   
000434419840921002178406000001823649630000000945000010305590023   
000434419840921003230906000001843649630000000200000010305590033   
000434419840921004230907000001863649630000000200000010305590033   
000434419840921005230908000001883649630000000200000010305590033   
000434419840921006230909000001903649630000000200000010305590033   
000434419840921007230910000001923649630000000200000010305590033   
000434419840921008230911000001943649630000000200000010305590033   
000434419840921009230912000001963649630000000200000010305590033   
000434419840921010230913000001983649630000000200000010305590033   
000434419840921011230914000002003649630000000200000010305590033   
000434419840921012230915000002023649630000000200000010305590033   
000434419840921013304726000002059649630000000360000010305590043   
000434419840921014503798000002109831380000000501817510305590013   
000434419840921015838461000002119831380000000100000010305590023   
000434419840921016238002000001119831380000010000000020105590559   
000434419840921017238004000001100551380000000192800020105590559   
000434419840921018241307000001101301380000000007500010205590559   
000434419840921019241308000001157001380000000557000010205590559   
000434419840921020684630000002577251380000014202500011105590013   
000434419840922001241119000002589851380000000126000010205590559   
000434419840922002238006000002586331380000000035200020105590559   
000434419840922003238005000002586151380000000001800020105590559   
000434419840923001991801000002596151380000000100000010305590033   
000434419840923002238007000001096151380000015000000020105590559   
000434419840923003000265000000853833580000002423178021205590559   
000434419840923004001838000000483677580000003701560021205590559   
000434419840924001001847000000483619580000000000580020505590389   
000434419840924002238003000000476019580000000076000020105590559   
000434419840924003241449000000501514580000000254950010205590559   
000434419840926001023649000000511514580000000100000010305590013   
000434419840926002357291000000515264580000000037500010305590023   
000434419840926003362590000000540164580000000249000010305590043   
000434419840926004378868000000640164580000001000000010305590043   
000434419840926005937553000000669414580000000292500010305590043   
000434419840926006996556000000676314580000000069000010305590023   
000434419840926007238008000000672794580000000035200020105590559   
000434419840926008238009000000668969580000000038250020105590559   
000434419840926009238010000000668789580000000001800020105590559   
000434419840926010238011000000667439580000000013500020105590559   
000434419840926011241626000000676699580000000092600010205590559   
000434419840926012241643000000681999580000000053000010205590559   
000434419840926013238015000000680994580000000010050020105590559   
000434419840926014238013000000664174580000000168200020105590559   
000434419840926015238012000000660614580000000035600020105590559   
000434419840927001575636000000702014580000000414000010305590235   
000434419840927002611434000000722414580000000204000010305590530   
000434419840927003611440000000725894580000000034800010305590530   
000434419840927004954608000000772894580000000470000010305591836   
000434419840927005345904000000780994580000000081000010305590023   
000434419840927006367519000000814744580000000337500010305590023   
000434419840927007238014000000808294580000000064500020105590559   
000434419840927008238016000000804774580000000035200020105590559   
000434419840927009899591000001404774580000006000000011105590033   
000434419840927010241699000001413957080000000091825010205590559   
000434419840927011241700000001423251080000000092940010205590559   
000434419840927012001849000001423193080000000000580020505590049   
000434419840928001899606000001523193080000001000000011105590033   
000434419840928002238019000001518326110000000048669720105590559   
000434419840928003241753000001532976110000000146500010205590559   
000434419840929001238017000000282976110000012500000020105590559   
000434419840929002238018000000061744910000002212312020105590559   
000434419840929003241808000000077894910000000161500010205590559   
000434419840929004241812000000106474910000000285800010205590559   
000434419840930001238024000000104074910000000024000020105590559   
000434419840930002238021000000099124910000000049500020105590559   
000434419840930003238022000000094279910000000048450020105590559   
000434419840930004241880000000098179910000000039000010205590559   
000434419840930005238025000000078704910000000194750020105590559   
000434419840930006238023000000078524910000000001800020105590559   
000434419840930007241888000000153364910000000748400010205590559   
000434419840930008241887000000203794910000000504300010205590559   
000434419841001001182304000000224794910000000210000010305590033   
000434419841001002867484000000424794910000002000000010305590033   
000434419841001003907161000000557794910000001330000010305590013   
000434419841001004995513000000567794910000000100000010305590143   
000434419841001005996422000000577794910000000100000010305590013   
000434419841001006599123000000693539910000001157450010305590247   
000434419841001007238020000000668539910000000250000020105590559   
000434419841001008737001000000671739910000000032000010205590559   
000434419841001009238026000000656739910000000150000020105590559   
000434419841001010238027000000626739910000000300000020105590559   
000434419841001011238028000000621909910000000048300020105590559   
000434419841003001083361000000626909910000000050000010305590013   
000434419841003002737008000000627834910000000009250010205590559   
000434419841003003737020000000658884910000000310500010205590559   
000434419841004001606571000000688984910000000301000010305590023   
000434419841004002001854000000688926910000000000580020505590031   
000434419841004003238029000000688206910000000007200020105590559   
000434419841004004241553000000693026910000000048200010205590559   
000434419841004005241569000000724596910000000315700010205590559   
000434419841005001238032000000114596910000006100000020105590559   
000434419841005002238030000000099816910000000147800020105590559   
000434419841005003238031000000072347710000000274692020105590559   
000434419841005004737234000000081937710000000095900010205590559   
000434419841005005684965000000251987710000001700500011105590013   
000434419841006001044560000000350487710000000985000010305590013   
000434419841006002070584000000370487710000000200000010305590053   
000434419841006003304730000000388987710000000185000010305590043   
000434419841006004496316000000404624510000000156368010305590013   
000434419841006005737318000000413504510000000088800010205590559   
000434419841006006576150000000427704510000000142000010205590559   
000434419841006007576149000000448554510000000208500010205590559   
000434419841006008238033000000298554510000001500000020105590559   
000434419841007001557144000000307854510000000093000010305590013   
000434419841007002629820000000342547510000000346930010305590043   
000434419841007003737388000000346597510000000040500010205590559   
000434419841007004238034000000342697510000000039000020105590559   
000434419841007005000001000000342547510000000001500021505590559   
000434419841008001431997000000356147510000000136000010305590013   
000434419841008002651878000000445237510000000890900010305590033   
000434419841008003238038000000225237510000002200000020105590559   
000434419841008004238036000000197917510000000273200020105590559   
000434419841008005238037000000148317510000000496000020105590559   
000434419841008006737429000000165667510000000173500010205590559   
000434419841010001737163000000169407510000000037400010205590559   
000434419841010002238040000000162207510000000072000020105590559   
000434419841010003238041000000131095010000000311125020105590559   
000434419841010004238039000000129395010000000017000020105590559   
000434419841011001262034000000139395010000000100000010305590013   
000434419841011002839571000000148195010000000088000010305590033   
000434419841011003999475000000162195010000000140000010305590033   
000434419841011004243015000000164675010000000024800010205590559   
000434419841011005238043000000163535010000000011400020105590559   
000434419841011006243011000000170155010000000066200010205590559   
000434419841012001224750000000191155010000000210000010305590033   
000434419841012002802013000000196155010000000050000010305590143   
000434419841012003238042000000163755010000000324000020105590559   
000434419841012004238035000000117955010000000458000020105590559   
000434419841012005001903000000117897010000000000580020505590084   
000434419841012006737612000000130037010000000121400010205590559   
000434419841013001737679000000180854510000000508175010205590559   
000434419841014001415962000000190854510000000100000010305590023   
000434419841014002441342000000206874510000000160200010305590033   
000434419841014003469460000000297624510000000907500010305590053   
000434419841014004937575000000330124510000000325000010305590043   
000434419841014005247175000000362324510000000322000010305590250   
000434419841014006001829000000412324510000000500000010405590031   
000434419841014007685229000000479609510000000672850011105590013   
000434419841014008238044000000478149510000000014600020105590559   
000434419841014009238045000000461369510000000167800020105590559   
000434419841014010737708000000517083510000000557140010205590559   
000434419841015001050956000000522083510000000050000010305590023   
000434419841015002238046000000520523510000000015600020105590559   
000434419841015003238047000000518833510000000016900020105590559   
000434419841015004238048000000491247010000000275865020105590559   
000434419841015005737597000000520367010000000291200010205590559   
000434419841015006737596000000539117010000000187500010205590559   
000434419841015007737598000000545117010000000060000010205590559   
000434419841017001099409000000552697010000000075800010305590063   
000434419841017002147837000000608147010000000554500010305590023   
000434419841017003296585000000618147010000000100000010305590043   
000434419841017004472092000000653147010000000350000010305590013   
000434419841017005484009000000683147010000000300000010305590013   
000434419841017006499527000000735647010000000525000010305590023   
000434419841017007505388000000785347010000000497000010305590013   
000434419841017008637675000000788047010000000027000010305590033   
000434419841017009658518000000885147010000000971000010305590033   
000434419841017010893037000000896147010000000110000010305590013   
000434419841017011238049000000796147010000001000000020105590559   
000434419841017012743315000000860647010000000645000011105590043   
000434419841017013737844000000863287010000000026400010205590559   
000434419841018001005681000000869087010000000058000010905591168   
000434419841018002737557000000872987010000000039000010205590559   
000434419841018003737823000000873987010000000010000010205590559   
000434419841019001176349000000894987010000000210000010305590073   
000434419841019002540088000001094987010000002000000010305590013   
000434419841019003853792000001119987010000000250000010305590013   
000434419841019004239501000001105102010000000148850020105590559   
000434419841019005238050000001104562010000000005400020105590559   
000434419841019006737919000001112392010000000078300010205590559   
000434419841019007239502000000362392010000007500000020105590559   
000434419841019008737964000000369342010000000069500010205590559   
000434419841020001714094000000389272010000000199300010305590197   
000434419841020002421942000000416272010000000270000010305590033   
000434419841020003737976000001666272010000012500000010205590559   
000434419841020004243214000001668522010000000022500010205590559   
000434419841020005243213000001674672010000000061500010205590559   
000434419841020006001927000001674614010000000000580020505590012   
000434419841022001070592000001729514010000000549000010305590053   
000434419841022002099635000001779514010000000500000010305590023   
000434419841022003210952000001781514010000000020000010305590063   
000434419841022004450955000001793514010000000120000010305590043   
000434419841022005839575000001799589010000000060750010305590033   
000434419841022006839578000001800264010000000006750010305590033   
000434419841022007239503000000550264010000012500000020105590559   
000434419841022008239507000000523561510000000267025020105590559   
000434419841022009243229000000527561510000000040000010205590559   
000434419841022010243228000000530281510000000027200010205590559   
099999999000000999000000000000000000000000000000000000000000000   
